@[@[0, -4, 2], @[10, 6, 2], @[-3, -13, 7], @[-10, 3, -5], @[-1, -4, -6], @[3, 8, 10], @[1, 12, 6], @[13, -12, -14], @[-14, -10, 14], @[-5, -15, 10], @[-15, 7, 8], @[1, 5, -5], @[1, -6, 0], @[14, -3, -15], @[-11, 4, -2], @[-2, -6, -11], @[-16, 12, 4], @[5, 0, -4], @[-2, 12, 4], @[11, -13, -5], @[8, -3, -13], @[-7, -4, 3], @[-16, 11, 4], @[2, -16, 9], @[-6, -12, -10], @[7, 13, -12], @[7, 8, -6], @[13, -13, -15], @[14, -14, -5], @[-10, -14, -14], @[-12, 3, -3], @[-9, -15, -4]]


@[@[4, 11, -3], @[2, -3, -6], @[13, 5, -6], @[6, 5, 15], @[2, -16, 1], @[-8, -3, -14], @[12, 4, 13], @[-8, -5, 11], @[9, -11, -7], @[2, -2, -12], @[10, 10, -8], @[3, -9, 4], @[-10, -7, 12], @[9, -6, -15], @[4, -1, 15], @[1, 9, -12], @[-14, -10, -3], @[3, 14, -5], @[-16, -11, 13], @[-3, 0, -7], @[-6, 14, -10], @[-8, 5, -4], @[9, -6, -1], @[3, -4, -9], @[14, 1, -3], @[-9, -9, -7], @[-1, 0, 12], @[1, -6, 3], @[-15, 12, -12], @[9, 3, -6], @[-10, 3, 5], @[14, -10, -16]]


@[@[-10, -14, 14], @[-6, 8, -3], @[-13, 1, 1], @[-4, -10, 15], @[11, 9, 4], @[-15, 7, 12], @[-1, 11, -12], @[13, -11, -12], @[8, -11, -13], @[-11, -14, -12], @[7, 0, -6], @[-2, -2, -14], @[14, 2, -1], @[-2, 0, 6], @[-3, 11, -16], @[9, -15, 14], @[-13, -1, -7], @[-11, -4, -13], @[-13, 0, 1], @[7, 13, -5], @[-11, 0, -4], @[8, 5, -15], @[5, -16, -5], @[-4, 6, 1], @[-12, -4, 12], @[-6, 11, -15], @[-12, 1, -8], @[-6, 13, -3], @[9, -1, -7], @[-16, 1, 6], @[-7, -10, 4], @[-14, 7, -1]]


@[@[-3, -15, -5], @[4, -4, -7], @[-2, -4, 3], @[-10, 6, 14], @[-6, 12, -11], @[5, -11, -3], @[6, -14, -12], @[-5, 9, -2], @[10, 15, 14], @[9, -11, 12], @[-3, 0, -8], @[-13, -12, 15], @[-14, -8, 13], @[-12, 2, -9], @[5, -5, 5], @[4, 7, -15], @[-9, -9, -5], @[4, 4, -5], @[-8, 13, -9], @[6, -1, 6], @[-5, -15, -1], @[-11, 15, 5], @[2, -9, -8], @[-6, -6, -12], @[-11, 2, -7], @[-4, -15, 13], @[-8, 6, 4], @[10, -10, 6], @[-13, -4, 13], @[12, -6, -7], @[11, -7, 9], @[9, 9, 0]]


@[@[-13, 1, -11], @[-6, -12, 12], @[-13, -7, 6], @[2, 7, -3], @[5, -10, 3], @[1, 12, -12], @[13, 14, 9], @[-11, 1, 3], @[-4, -1, -5], @[0, -16, 0], @[-13, 11, -14], @[11, -10, 14], @[8, 14, 3], @[1, 4, 10], @[13, -7, 3], @[0, 14, -12], @[-5, 15, 5], @[8, -4, -3], @[-13, 2, -12], @[9, -10, -16], @[7, 3, -10], @[14, -11, 5], @[15, -5, 14], @[-12, 5, 1], @[10, -11, -8], @[-4, -6, 1], @[-3, -12, 0], @[6, 14, -11], @[9, -3, 13], @[11, -12, 2], @[3, 2, 5], @[-4, 6, -14]]


@[@[-15, 15, -8], @[1, 11, 9], @[-11, 1, 3], @[1, 12, -1], @[-5, -9, 1], @[-15, -2, -16], @[12, -15, -1], @[-8, 3, -13], @[11, -1, -3], @[2, -9, 2], @[-5, -14, -6], @[-8, -15, -9], @[-11, 4, -3], @[-6, 12, -14], @[-2, -6, -15], @[-5, -9, 13], @[3, -1, -1], @[-6, 2, 0], @[3, 12, -13], @[2, 4, 9], @[-5, -14, 8], @[7, 14, -1], @[10, -6, 12], @[-13, -6, 4], @[-8, 3, 5], @[-4, 14, -6], @[-5, 2, -13], @[12, 7, 8], @[6, -11, 3], @[-9, -10, -15], @[7, -4, 4], @[-11, 8, -4]]


@[@[15, 10, -4], @[-3, -1, 1], @[12, -6, 14], @[4, 14, -4], @[-16, 4, -14], @[-1, -12, 2], @[-1, 10, -9], @[-12, 2, -12], @[6, 0, -2], @[8, -2, -12], @[-6, -7, 14], @[10, 8, 5], @[8, 7, -16], @[-8, -6, 9], @[14, 15, -6], @[-3, 0, 15], @[-6, -3, -8], @[12, 10, 2], @[-15, -4, 7], @[12, 9, -5], @[11, 1, -6], @[14, -3, 11], @[0, -13, -7], @[-16, 7, -13], @[4, -13, -7], @[-7, 11, 12], @[5, 10, -4], @[-9, 1, 4], @[-8, -11, -12], @[7, -3, 0], @[-3, -12, 13], @[-15, -15, -7]]


@[@[-8, 9, -5], @[10, 2, -1], @[13, 15, -7], @[10, 10, -12], @[15, -16, 11], @[9, 9, 7], @[0, -5, 12], @[6, 15, 6], @[6, -1, 9], @[6, 7, -1], @[-9, 14, -7], @[0, 10, 3], @[2, 3, 10], @[-1, -9, -10], @[2, -14, -3], @[15, 11, -6], @[14, 0, 4], @[0, 7, -11], @[5, 4, 5], @[-5, 11, -16], @[4, 14, 14], @[13, 2, -9], @[1, -9, -6], @[-13, -10, 11], @[11, -15, -3], @[1, -9, -4], @[-16, 8, 12], @[15, -1, -14], @[8, 8, 9], @[-14, 11, -3], @[-10, -8, 1], @[6, 1, 14]]

